{"levelId":0,"mulockCandyMax":0,"evilSpawnerElements":[2],"mulockCandySpawn":0,"randomSeed":0,"chameleonCandySpawn":0,"timeCandyMax":0,"leftWeightToTriggerMoonStruck":10,"timeCandySpawn":0,"rightWeightToTriggerMoonStruck":10,"stripedCandyMax":0,"initialMovesUntilMoonStruck":20,"stripedCandySpawn":0,"protocolVersion":"0.3","initialMovesDuringMoonStruck":5,"wrappedCandyMax":0,"maxAllowedScaleDiff":9,"numberOfColours":5,"totalWeightToTriggerMoonStruck":20,"scoreTargets":[63000,140000,200000],"episodeId":0,"useSplitWeightConditionToTriggerMoonStruck":false,"frogStomachSize":0,"portals":[],"wrappedCandySpawn":0,"isOwlModeEnabled":false,"gates":[],"pepperCandyExplosionTurns":0,"licoriceSpawn":0,"licoriceMax":0,"moveLimit":30,"tileMap":[["004005006020026","004005006020026","003005006007026","000","000","002003005026","002003005026","002003005026","002003005026"],["004006020","004006020","000","000","006066","002003","002003","002003","002003"],["003006007","000","000","003005006009026","004006009","003006009","002003","002003","002003"],["000","000","003005006009026","003006054","004006009","003006009","003006009","002003","002003"],["000","006066","004006009","004006009","004006062","004006009","004006009","006066","000"],["002003005026","002003","003006009","003006009","004006009","003006054","003006009","000","000"],["002003","002003","002003","003006009","004006009","003006009","000","000","003005006007026"],["002003","002003","002003","002003","006066","000","000","004006020","004006020"],["002003","002003","002003","002003","000","000","003006007","004006020","004006020"]],"pepperCandySpawn":0,"gameModeName":"Light up","pepperCandyMax":0,"mysteryCandyMax":0,"evilSpawnerInterval":3,"mysteryCandySpawn":0,"evilSpawnerAmount":3,"luckyCandyMax":0,"useTotalWeightConditionToTriggerMoonStruck":false,"luckyCandySpawn":0,"chameleonCandyMax":0,"name":"172_6_tweak_by_alex_24948"}
