{"moveLimit":28,"frogStomachSize":0,"portals":[],"isOwlModeEnabled":false,"stripedCandySpawn":0,"licoriceSpawn":0,"tileMap":[["004005026051","004005006020026","002004005026","002004005026","002004005026","002004005026","004005006020026","004005026051","004006023042"],["004006020","004006021","002004","002004","002004","002004","004006021","004006020","004006023042"],["002004","002004","004006007041","004006007041","004006007041","004006007041","002004","002004","004006023042"],["002004","002004","004006007041","004035","004035","004006007041","002004","002004","004006023042"],["002004","002004","004006007041","004035","004035","004006007041","002004","002004","004006023042"],["002004","002004","004006007041","004006007041","004006007041","004006007041","002004","002004","004006023042"],["004006020","004006021","002004","002004","002004","002004","004006021","004006020","004006023042"],["004051","004006020","002004","002004","002004","002004","004006020","004051","004006023042"],["004006023042","004006023042","004006023042","004006023042","004006023042","004006023042","004006023042","004006023042","004041051"]],"licoriceMax":0,"gameModeName":"Light up","pepperCandySpawn":0,"pepperCandyMax":0,"mysteryCandyMax":0,"mysteryCandySpawn":0,"luckyCandyMax":0,"luckyCandySpawn":0,"levelId":0,"chameleonCandyMax":0,"leftWeightToTriggerMoonStruck":10,"chameleonCandySpawn":0,"rightWeightToTriggerMoonStruck":10,"mulockCandyMax":1,"initialMovesUntilMoonStruck":20,"totalWeightToTriggerMoonStruck":20,"mulockCandySpawn":0,"initialMovesDuringMoonStruck":5,"timeCandyMax":0,"randomSeed":0,"timeCandySpawn":0,"useTotalWeightConditionToTriggerMoonStruck":false,"stripedCandyMax":0,"useSplitWeightConditionToTriggerMoonStruck":false,"protocolVersion":"0.3","maxAllowedScaleDiff":9,"numberOfColours":4,"wrappedCandyMax":0,"scoreTargets":[81000,200000,249000],"wrappedCandySpawn":0,"gates":[],"pepperCandyExplosionTurns":0,"episodeId":0,"name":"180_13_tweak_by_alex_87864"}
